4.431848411938007527e-03
5.305788425287606865e-03
6.328776428582761661e-03
7.521325348709320679e-03
8.905817513416033546e-03
1.050649852215021322e-02
1.234943279152111648e-02
1.446241479763418943e-02
1.687483018662224929e-02
1.961746128574740761e-02
2.272223214509542372e-02
2.622188909370951754e-02
3.014961391680067576e-02
3.453856815673057856e-02
3.942136870402830617e-02
4.482949675859274064e-02
5.079264437580405245e-02
5.733800512481292827e-02
6.448951782093279017e-02
7.226707478233272697e-02
8.068570852316367392e-02
8.975477314132428164e-02
9.947713879274872051e-02
1.098484194650701379e-01
1.208562556714989356e-01
1.324796745847539037e-01
1.446885504337525330e-01
1.574431876188437107e-01
1.706940479090480745e-01
1.843816412336614641e-01
1.984365969630852711e-01
2.127799292108192020e-01
2.273235056313609448e-01
2.419707245191433653e-01
2.566173998432441095e-01
2.711528483204781459e-01
2.854611668984050055e-01
2.994226832710997765e-01
3.129155564779197429e-01
3.258174994376901168e-01
3.380075906436162403e-01
3.493681383726544576e-01
3.597865578126233088e-01
3.691572196196974409e-01
3.773832276929932061e-01
3.843780844572590172e-01
3.900672037012867799e-01
3.943892340049188761e-01
3.972971599317417501e-01
3.987591533537417909e-01
3.987591533537417909e-01
3.972971599317417501e-01
3.943892340049188761e-01
3.900672037012867244e-01
3.843780844572589617e-01
3.773832276929932061e-01
3.691572196196974409e-01
3.597865578126233088e-01
3.493681383726544576e-01
3.380075906436162403e-01
3.258174994376900058e-01
3.129155564779196319e-01
2.994226832710996655e-01
2.854611668984050055e-01
2.711528483204781459e-01
2.566173998432441095e-01
2.419707245191433653e-01
2.273235056313609448e-01
2.127799292108192020e-01
1.984365969630852711e-01
1.843816412336615473e-01
1.706940479090481300e-01
1.574431876188437662e-01
1.446885504337524220e-01
1.324796745847538204e-01
1.208562556714988384e-01
1.098484194650700685e-01
9.947713879274865112e-02
8.975477314132424000e-02
8.068570852316361841e-02
7.226707478233269921e-02
6.448951782093279017e-02
5.733800512481292827e-02
5.079264437580405245e-02
4.482949675859274064e-02
3.942136870402830617e-02
3.453856815673057856e-02
3.014961391680067576e-02
2.622188909370946203e-02
2.272223214509540637e-02
1.961746128574737985e-02
1.687483018662223194e-02
1.446241479763417902e-02
1.234943279152110607e-02
1.050649852215019935e-02
8.905817513416033546e-03
7.521325348709320679e-03
6.328776428582761661e-03
5.305788425287606865e-03
4.431848411938007527e-03
